1000
1000
86
323
12
529
51
492
546
244
734
400
878
219
368
452
82
392
825
875
326
552
350
633
849
434
605
749
15
270
573
856
109
604
284
999
185
949
994
879
969
237
992
221
262
577
740
491
157
160
616
810
147
714
384
477
143
260
798
169
221
689
275
309
869
939
386
457
282
765
523
205
828
169
28
748
328
331
930
811
48
535
552
634
834
986
405
424
893
997
122
626
804
43
547
113
767
200
642
743
909
473
726
743
255
716
961
346
386
764
587
746
618
177
550
665
30
72
453
833
614
339
50
189
307
856
403
405
711
794
848
795
904
332
461
479
259
385
618
80
130
299
625
701
946
977
251
282
607
603
761
926
82
99
356
844
610
949
528
355
572
113
542
282
270
694
987
552
964
440
612
693
276
337
289
696
105
889
144
147
149
749
553
108
642
346
530
837
744
290
462
594
885
133
509
550
379
238
598
694
765
926
196
43
725
218
888
274
274
287
328
948
275
342
241
80
764
214
891
270
412
549
148
562
641
47
527
948
542
387
388
224
683
808
822
288
63
520
539
660
294
263
566
212
51
395
751
310
482
332
905
948
356
399
951
54
854
525
302
409
297
37
210
967
296
112
251
312
606
679
129
156
710
22
396
121
554
889
918
806
859
417
729
170
255
165
876
801
821
216
800
2
227
322
595
971
303
644
758
314
604
270
404
504
909
216
985
647
313
317
41
401
810
31
879
188
695
10
344
580
581
910
849
795
899
284
735
170
381
55
229
397
545
303
340
154
362
672
156
930
775
950
207
185
973
980
254
490
775
817
462
807
879
47
150
186
450
184
329
320
423
957
99
764
103
361
994
849
495
153
203
733
231
675
770
755
780
467
408
211
114
891
199
321
742
713
831
366
800
752
594
792
271
883
889
287
426
782
707
751
734
867
465
558
578
53
361
247
356
945
55
852
445
748
874
443
205
100
174
474
576
95
230
867
831
184
131
104
144
590
20
50
1000
932
34
841
972
697
143
203
502
669
669
407
785
934
295
567
139
412
992
592
740
14
153
618
957
318
860
943
247
349
932
962
292
348
429
974
273
302
317
205
684
613
403
539
420
467
390
464
515
573
234
569
380
469
201
283
362
933
804
39
260
279
578
77
551
562
777
204
272
875
627
820
137
284
586
243
980
426
462
684
6
334
33
410
588
404
525
679
34
165
336
926
109
414
746
287
939
66
153
439
283
296
483
896
125
213
673
795
216
808
376
427
456
391
979
746
52
402
502
804
327
788
662
95
128
265
312
984
36
308
709
729
787
712
769
989
880
995
146
546
248
754
628
450
346
609
780
569
66
172
89
693
233
802
522
560
208
896
161
215
268
315
261
203
624
42
58
474
828
553
666
977
630
853
312
555
634
48
140
628
817
702
847
861
76
288
1
949
77
431
537
643
181
598
472
676
150
794
806
458
821
462
823
845
222
586
351
378
582
589
118
542
334
810
720
898
85
385
759
146
624
249
865
934
582
347
410
19
175
245
863
433
649
771
833
234
366
77
318
485
491
145
2
285
94
355
784
423
822
915
451
187
197
871
756
798
349
836
299
535
723
810
636
330
765
612
126
253
444
865
992
395
950
225
430
450
712
956
902
893
847
258
200
569
641
426
745
980
163
898
388
735
854
308
949
950
50
169
598
835
918
491
543
802
690
515
193
728
772
249
964
988
413
686
708
573
324
916
376
544
982
751
211
325
603
684
709
869
143
200
532
407
413
615
817
269
653
858
811
230
649
999
221
350
625
159
361
982
178
741
900
786
407
214
140
155
920
650
396
43
938
981
56
63
254
233
436
280
839
36
677
146
447
3
160
900
104
572
336
729
377
716
934
693
413
894
518
935
857
945
466
252
377
417
354
624
696
780
888
247
556
640
967
9
521
936
96
836
204
450
663
780
784
698
69
409
429
584
681
799
150
303
532
396
421
689
811
344
345
380
568
331
36
718
747
251
382
67
387
709
34
733
816
880
320
415
422
501
805
44
211
823
626
848
578
924
987
951
245
196
968
738
562
808
8
719
755
694
316
450
208
909
5
162
811
48
893
858
327
710
588
843
923
209
338
351
35
795
36
134
640
626
517
370
415
459
256
182
505
595
676
748
744
362
642
709
246
296
657
818
373
649
754
793
565
507
177
170
504
70
888
752
732
392
23
510
696
228
343
726
850
30
781
706
17
395
429
555
411
613
735
934
907
23
527
949
977
98
924
176
807
563
590
148
173
879
612
792
276
659
4
673
427
693
914
330
797
825
168
376
2
3
7
7
9
9
9
12
15
18
18
21
22
22
23
24
24
24
25
25
29
29
29
30
30
31
32
32
32
32
33
33
34
35
37
37
37
39
42
45
45
46
48
50
50
51
52
52
53
53
55
55
56
56
60
60
62
63
64
64
68
68
70
71
72
72
73
73
75
76
79
81
82
82
83
84
84
85
86
88
88
88
88
88
89
90
91
91
92
93
93
94
94
96
96
97
97
97
97
98
98
101
103
104
104
105
105
105
108
108
109
110
110
112
115
115
115
115
117
118
119
119
121
123
125
125
126
127
128
129
129
130
131
131
132
132
132
133
133
134
135
135
135
136
138
138
138
139
140
140
141
141
141
141
142
142
143
144
144
149
150
152
153
153
154
155
156
158
158
158
162
162
164
166
168
168
171
171
171
171
173
174
174
175
175
175
176
177
177
178
178
182
182
182
183
187
187
187
187
187
188
189
189
190
191
192
193
194
194
194
195
195
201
202
205
207
207
208
209
210
212
213
213
214
214
217
219
220
220
221
221
221
226
228
229
229
232
233
234
236
237
238
239
240
240
241
241
242
242
244
245
247
247
248
248
250
252
252
253
254
254
254
255
256
256
256
256
257
260
260
262
263
263
264
264
268
268
270
271
272
272
273
274
276
276
277
278
279
279
280
280
280
281
281
282
282
282
285
285
287
287
288
288
291
292
293
294
294
295
295
295
296
296
297
298
301
301
303
303
303
306
307
309
311
311
315
315
316
316
316
319
322
322
323
323
323
324
324
327
327
328
330
330
331
332
333
334
334
336
336
336
337
338
338
338
339
342
343
345
346
347
347
348
348
348
349
350
351
351
352
353
354
354
355
356
357
359
361
362
362
364
366
366
367
367
370
370
371
372
373
375
375
375
377
377
378
379
383
384
385
386
386
386
388
389
390
390
390
391
392
393
394
396
397
398
399
399
399
399
403
403
405
406
407
409
411
411
412
413
413
415
416
418
418
419
420
422
422
422
422
423
424
424
424
425
425
426
428
428
430
432
433
433
433
435
437
438
438
439
439
443
443
444
444
444
444
445
445
445
446
446
447
448
453
454
454
456
457
457
457
459
460
464
465
467
467
467
467
470
472
472
472
472
473
473
477
477
478
479
480
482
482
483
483
483
485
485
486
486
488
491
491
493
493
493
494
494
494
496
496
496
498
499
499
501
502
503
504
504
505
506
506
506
506
508
508
508
508
511
512
513
513
513
514
516
517
518
519
520
520
521
521
522
524
525
525
525
525
528
528
530
530
530
531
531
531
532
534
536
536
537
537
538
540
541
545
545
547
551
553
554
557
560
560
561
561
566
566
568
568
568
568
569
570
571
572
572
572
575
577
577
578
579
580
581
583
583
584
584
585
586
588
588
588
591
594
595
596
598
602
603
603
604
605
606
607
610
611
612
614
615
616
616
617
618
618
620
620
620
620
622
622
624
624
626
627
628
628
628
629
629
630
630
630
631
632
632
633
633
634
637
638
638
638
638
639
640
641
641
641
641
642
643
644
646
648
648
650
650
650
651
652
652
652
653
654
655
655
656
657
657
661
663
664
665
668
669
669
669
669
670
671
671
673
673
673
673
673
674
675
676
677
678
678
678
680
680
682
683
683
684
685
687
688
688
688
690
690
692
692
692
694
694
696
697
700
703
707
708
710
710
710
711
711
711
712
713
714
716
716
716
717
718
718
718
718
718
719
723
723
723
726
726
729
729
730
730
732
734
737
737
740
742
743
744
745
745
746
750
750
751
752
754
755
756
756
756
758
759
760
761
761
763
764
767
768
769
770
771
773
775
777
779
780
782
782
783
785
787
787
789
789
789
792
795
795
796
796
797
797
798
800
801
805
809
810
811
812
812
814
814
814
815
816
818
818
819
819
820
821
821
821
821
823
825
826
826
829
829
830
832
832
832
837
837
837
837
840
840
841
841
843
849
850
850
854
854
856
856
856
860
860
860
860
861
864
864
868
868
870
870
870
871
872
873
873
875
877
881
882
882
884
885
885
886
886
887
888
889
892
896
896
897
898
898
899
900
904
905
906
907
908
908
910
910
910
911
911
912
912
912
913
917
918
919
919
920
921
921
926
926
926
927
928
928
928
929
929
929
930
932
934
937
937
938
940
942
944
944
945
945
946
948
950
951
951
951
952
952
952
954
956
956
957
958
962
963
963
966
966
966
966
967
969
969
969
969
970
971
974
974
975
975
977
977
977
979
979
981
983
984
984
985
985
986
991
991
991
995
995
-0.006308292098764302
0.007495265936298761
-0.008449802691225715
-0.005525267089632553
0.0002673759846796179
-0.005198363892228647
0.011976159683931934
-0.0032195446569276425
-0.005096921296088405
0.008220513791115894
-0.011226926664786854
0.0062229922355576065
0.0009319131444649864
-0.005283742518352199
0.001953433754645082
-0.004536251832933273
0.0008415105364833407
-0.0034226101243043376
0.0047867895908563565
-0.009048498374477411
0.00724979067590186
-0.007795283802065384
0.008612047870839341
0.004868108881962571
-0.006593459981215353
0.007450494780199402
-0.00509274105528158
-0.0060845285512281634
0.00564630190769949
-0.011308172111594825
0.007808040733774073
-0.00502181191191331
0.006648033548819536
0.006206735220992469
-0.014838249192934267
0.012100797975142076
-0.003661310805892914
-0.004417209253150463
0.004184748149307704
-0.0042029094626257705
0.003326703575916462
-0.021773629123835396
-0.0027019698840948536
0.011938232082954733
0.00749142924374185
-0.015092897500380375
0.015121942074596724
0.004719023461236151
6.4946080403093e-5
-0.013840559771603025
0.0010485539602096319
-0.0016397355098356349
0.015996817196552854
-0.010048265807588002
-0.01727153130593106
-0.003243848072656534
-0.018884227250416018
0.01063365824910744
0.005066082966168615
0.0031544574253129323
0.010170761794789521
0.002755216372465469
0.005860982514101991
-0.007066410353066717
-0.002755096490088109
-0.025669173141004017
0.015090326776303562
-0.021882496578022985
-0.0006882912667040888
0.009424518709820771
0.006013417758921818
-8.520157876515788e-5
0.015269980608913963
-0.008565763892711013
0.013812202308349975
0.0010508886091084907
-0.004832477529360802
-0.0005391246418495292
0.010270303949607285
-0.005812554885408878
0.010776007354025863
0.02290354791857124
0.0014304247142913039
-0.002952341811800684
-0.00947207240992986
0.01755117424399873
-0.0063365868747172725
-0.03333993178961646
0.024348572829675934
0.008325861652530702
-0.0004763897064967757
-0.00393842800209953
0.003564049294122489
0.008501822763453721
0.004169167093375856
0.00017396085682362832
-0.00476559722187191
-0.008650196743182048
0.019438175346768345
0.006508131729704828
0.008448090586166572
0.01497595298287542
0.0020077689464140795
0.011372892787171723
0.007297548654795454
0.002198977826400027
-0.001169089967749135
0.004727409379794059
-0.01868496581258032
0.011563760292396872
-0.008697749180961473
-0.009073324817910896
0.01734730319529723
-0.0018102197869122104
-0.007696597026071663
0.006455695717942241
-0.0037934403140274194
-0.020395808763523142
0.016084937707243372
0.012869705672113783
-0.021470160916171314
-0.03505595049671789
0.007501944092893408
-0.011518843986487334
-0.00828924500233619
0.006081955766898282
-0.010387104898503556
0.008723671790275042
-0.001472984610290097
-0.01156958103556016
-0.0063450357946337275
0.00501757084573068
-0.011323157995109176
0.009381284388009508
-0.0024143582456023203
-0.012205686045671104
-0.01200645942381708
0.002592154342636588
0.007596404807075792
0.01807784175161883
-0.006350551094147706
-0.014050028500457641
0.011321619370875264
-0.006180054280622409
-0.007675635267801498
-0.002208887430311216
0.011058747384441741
0.0003009590813748648
-0.0015816922691004884
-0.004662937655843943
0.004020831343843354
-0.02794154062204934
-0.018907113937079372
-0.009205048236655567
0.0048789099482711195
0.01374299898636992
0.001439044823798793
-0.020481676863221162
-0.008312084859616183
-0.0012403055684470764
-0.009441571572859913
-0.02132612870960318
-0.00888277287085144
-0.007993058465468352
-0.005079295547288349
-0.013313014255703644
-0.0034580963537329057
-0.0013946120816241447
-0.005600327756286072
0.013259439273108718
-0.012136761727624156
0.007888279307109326
-0.0032337771865919612
0.0010359983014194007
0.01411710978948424
-0.016937902229783842
0.006681142985763352
-0.02048952744650317
-0.004847564223423007
-0.019178434731415905
0.0023422219952981722
-0.0018950227796495907
-0.000129100439832196
0.01473772494488107
-0.01077867497190479
0.001892254421437934
-0.01855816045879173
-0.005609546831135759
-0.0044635648702655425
0.0013210083381261185
-0.015818550692819483
0.010431105934014457
-0.008976004033457843
0.009402850900635269
0.009861044624096644
0.009934101356495998
-0.0009895719324847548
-0.0005620554727372335
0.012276212730050235
0.005408533034173728
-0.0018468927059168924
0.013225062401165517
0.00048032150061631606
-0.02803059219446289
-0.005914094526029885
-0.0008117730766100474
-0.0162150920302167
-0.009048885457561396
0.014910629106277655
0.007439778639543907
0.012852901977758607
-0.003470675459512296
0.0058130780668040226
-1.1462252726226593e-5
-0.0062131657034526526
0.0027054048981367024
0.0010206063320547726
0.018664313079132768
0.0029442454111739975
-0.009386617464628828
-0.006354477066249135
0.013094423746216539
-0.020819296206014637
0.00514069335852905
-0.002340005128767292
0.01232785095228119
-0.004687136749662895
0.009145697707327923
-0.006375436446580234
-0.0038370858666876583
0.012041999918176114
0.0023601233720283435
-0.012810171533909506
-0.008572756139317557
0.013334908740706926
-0.003548709358263356
-0.004016267257185564
0.0025807482936886675
-0.002928610002468711
-0.00994140982737388
-0.0023859557021592907
-0.002332025503147701
-0.0022100170921868305
0.028261939133312323
-0.010996174367936746
-0.02470707288240206
0.0008132865223530401
-0.01602443936871841
0.005770484965075456
-0.010149671551688314
0.005000564063132842
-0.004181028065788925
-0.00561681189969276
-0.000297953898032704
0.018214165646577015
-0.01777178040184096
0.006471765169353326
-0.011907270289057983
-0.020585149053082792
-0.0006083470808151717
-0.011736173292567533
-3.25094919848457e-5
-0.0011795384305814457
0.0018879000225960059
-0.007022513623552113
0.0074026729499511446
4.8013435610154884e-5
-0.023522269320428797
0.011566070466879628
0.012722206542581762
0.0018110275109463065
-0.002944295294403982
-0.0004422259390580119
0.008489275070104751
-0.01183189961880386
-0.0009540832602940568
0.006775287923019817
-0.0007109123619085323
-0.0022352983291957064
-0.005923833208729483
0.0020676320388567137
-0.011088849530881803
-0.007527774754434904
-0.0010216917833974174
-0.009265388609609218
0.0015462654365786966
0.0034632896612046145
0.00205525406459652
-0.0003567664359031973
0.002447093203821188
-0.018553891325380514
0.004576842345362214
-0.010594954647731816
-0.006158299060190192
0.0006288715299466935
-0.006078193742492997
-0.000557754468958187
-0.019097560917463036
-0.01583768624894689
-0.0050499541487802795
0.0010338120153007388
0.0065484635579963766
-0.0002643718653515854
-0.028314850765934114
0.012212887026389204
0.0025149039869585372
-0.015381333159957976
0.011022368931401865
-0.009437877737435442
0.015294032671616099
0.003892120495930594
-0.0024857131555350988
0.013949511266071295
-0.0057552476208548985
0.001901435851342809
0.005419721297216496
-0.0014652525163382345
-0.008931081783534765
0.018317104645540944
0.0063346883146699895
-0.007282854898000513
0.0019192402890821465
-0.00320707981302105
0.016633885398881762
0.01673932815775155
-0.011465583404541537
-0.0012234753905019048
-0.002059625771307596
0.013720239944992985
0.0014472520444765644
-0.012428660544508812
-0.0021603256361075085
0.0038778494548894512
-0.00675386442333249
0.0018160237761308442
0.014991952737739152
-0.006191302825540474
-0.003774718815006746
-0.01663003700818224
0.0016643036487656692
0.013315305040249817
0.0017596746112669849
0.032777658671363556
-0.0013470727468228038
0.009589354337200687
-0.0007079480929744852
-0.004702729457652739
0.006337425269588606
0.014301207809830086
-0.009758365357596372
-0.003816198328779585
-0.014004568727951581
-0.012541673070540809
0.0014112298390528582
0.001410497005012597
-0.005271299907703385
0.01844870686131276
-0.0018511017310611846
0.0011590812836384159
0.0028101288451345243
-0.00028539856164470993
0.014106474108347785
0.015923971185311265
-0.014158316815782543
-0.008635312580503192
-0.006055778761374757
0.007999669949752495
-0.011922230624087633
0.006273455938133404
-0.013710182319102687
0.011130906271870133
-0.003603594724202293
-0.00240751236080631
0.010094482798151687
0.004652859021769739
0.0022082710711278488
-0.0033276270884469647
0.004241056390705315
0.0011155310794362626
0.01219835795508999
-0.00931956421639516
0.015322551794922912
0.0069441522982265835
-0.0015019749832810535
-0.01576282875240571
-0.01193267966732289
0.005831146344036573
0.0014127595751695504
0.01988046255334937
0.021604648042991084
-0.0003846333914246058
0.007033986217499815
-0.01050264151123654
0.008944603872034369
-0.010755492269734195
0.017694495580904746
-0.012406648528064753
0.002048577839676525
0.0027977660140491947
-0.006262324108994863
0.0011028705346451742
-0.02202438873455403
-0.0021661828738232013
-0.014397132580734755
-0.017480569277517625
-0.0075920283464682575
-0.0010804819845208645
0.001854346024129548
0.0042470827904778794
0.008097119051034465
0.0010917404529973633
-0.008381484928702795
0.006990017533350693
0.014044659082780311
-0.01732300683483693
-0.003509332018538882
-0.015521129744703295
-0.004829622329329944
0.006860961781460201
0.0034003118006466415
0.026420730692848303
-0.0015775788511208555
0.008482690154086219
0.0005743027516937455
-0.004090963385647427
-0.015321497439394061
0.006962185877409885
0.012150516730419874
0.0245099854999329
-0.001404814318310267
0.005994225274068076
0.02227252853266905
-0.014242193841729978
-0.006495379837504903
-0.011995556482016181
0.006723638001861625
0.008732543548654024
-0.002009053067029997
0.003569848430064605
0.010003725005977595
-0.007551074495395549
0.0077242103939372175
0.003361744959245556
0.010554244217959344
0.0037092137503723773
0.00560997203555712
0.014989463127654859
0.021203936611258706
-0.0091721523675624
0.0058647519331662245
0.003539526055628449
0.002992298416780215
-0.008320167768483771
0.0008899226008220298
0.004771164869689191
0.004619238933942482
-0.011184386742204701
0.00019404130060518863
-7.079419584748629e-5
0.0016450260158705
-0.00927807007689246
-0.0027010951185105158
0.010355926771134494
0.006254656934645287
-0.014112175668955352
0.011093441649290525
0.0023566945656955905
-0.004068240506253471
0.01457883704703963
-0.0024534848143719697
0.013421369345135811
-0.009779957806477177
0.0020700035699647767
0.015526393536131182
-0.00923650362012902
0.015055061048252223
0.005730457566653624
0.005117127615498456
-0.007735482804835387
-0.008757498318322694
-0.006831451560918705
-0.011586646563965072
-0.0043198910228707385
0.001227517235461605
-0.007574524147544432
0.0013400289827481826
0.015912525377887007
-0.0049895046790828495
0.010059954550851109
0.011481327874122996
-0.005648971413320689
-0.0018265098118206097
0.011950252226036424
-0.004669891995746609
-0.010558451775739813
-0.010282035536519697
0.0022540607343378063
0.018433974205043602
0.015895857710177663
0.01727873735827513
-0.0035474738423166277
0.010411068135635845
-0.01121725111747372
0.009978695326262294
-0.008475288447823321
0.003035708349389945
0.0007067422228829857
-0.011198254877517385
0.00976178722390673
-0.005781513681747562
0.004085063511190761
-0.00446142213063868
0.0033831268205723247
0.024171909502499065
-0.01629494333739132
0.0035118672255910243
-0.008271631932752795
-0.014972233588225923
0.0003530859316447068
0.015943031525191397
-0.0027134568573205244
-0.006946005685308885
0.0038678956641635567
0.01754056132130102
-0.0025948187668442223
0.009777204296157955
-0.005105023088061369
0.009989816733670541
-0.009526302057506627
-0.006795612605838749
0.00297544913428399
0.00548846825929802
0.016491554134449728
0.0012470586120695377
0.019725605465843798
-0.007540310813139678
-0.016308274275233535
-0.008499510044391879
-0.017611945832632512
-0.0057645447613832645
-0.007801444859208618
-0.013142557823348874
-0.0026675488109137325
-0.007078482896509143
0.004667171646526953
-0.012169699437713344
0.006223046173410728
-0.0037211163044565667
0.003154458360522575
0.006949885646599968
0.013219817783118995
0.0362064535651248
0.0078031117017611775
0.019353725193964017
-0.00020090213714283535
0.009803395013658843
-0.0008898336827367139
-0.012674036115900544
0.003219259247495615
0.00154916735946901
0.018815544686964246
0.0020852294588456837
-0.015575528985991743
-0.008609660519826937
0.010394426647355116
0.001985303211119165
-0.012004702562317136
-0.015427165502504383
0.005512171167476681
-0.005242029519816584
0.010844673059052498
0.017147332998508586
0.01218613519089269
-0.004474671385216427
0.0020805936580650768
0.0022810389310210432
0.00997474836269256
0.0008626451214359533
-0.0063814845910931325
-0.0023617498959358817
0.0014415015384925082
0.009933148283509356
0.005708288070345992
0.010653918469683757
0.006026481430661125
-0.009751008399224749
0.00894806905104991
-0.004761458404658817
0.0012236880964102167
0.010352835313915502
-0.010946530021510095
0.016623295262996912
0.005519608126651646
-0.006976016676501956
0.007237517511614137
-0.0018342951997959934
-0.0013883241990939204
-0.01550835568355153
0.015933064975002433
-0.0026135180490081283
-0.018526961127370914
0.012831983068793807
-0.0018540334902344175
-0.010648424925705606
-0.013232926999225427
-0.01191346466654986
-0.007220211040378628
-0.006861970219850722
0.011273017960959815
-0.000509894198106056
-0.012722002316846613
0.0011717051476756897
-0.013836582521183544
0.007269101939027761
-0.001004869955080875
-0.01868771062503544
0.004653258691000884
0.011608941266396333
0.003828065242009263
0.002585041999701869
0.0015350804919811109
-0.004809560676753808
0.003255050568591706
0.0016657241693869703
-0.008380866940725885
-0.0026781355705840083
-0.0006581930543579945
-0.006573564905052416
0.015206690362919422
0.0037513439294500762
-0.01201645315021962
-0.007042483609818423
-0.0007158598344076718
-0.00585946778877138
-0.001474588763635146
-0.00359126529302907
0.004474415903583341
0.0048852873344253445
-0.003009339068143768
0.0031595156754342718
-0.008140621548706204
-0.01765956827730265
-0.0010659675492865578
0.0034781699402680367
-0.015925428429024467
-0.0006416080386304876
0.006782675043951916
-0.009815180508028641
-0.007815461934924984
0.011703798915036916
0.008057683797531683
0.0027792961199456807
0.003957830244707949
0.010897737585289023
-0.0032741155267214874
0.006112916980366457
0.004807878655480824
0.0054428772272031665
-0.0012458512263167996
-0.0197644489138254
0.022239046795181985
0.005173699016119575
-0.012423006661907803
0.011772993770522568
0.009699643995739226
0.014843657501497583
-0.009968964128828027
-0.0011116751102177034
0.0035636525546670302
-0.006058780575265881
-0.00966678890858166
0.0030974623235047716
0.0005167468951068065
-0.014921871063459028
0.023875595150448264
-0.0001850825512163647
0.0024876192227137324
-0.005880323682190439
0.027778816389154457
-0.008960240745545873
0.00032956103926842973
-0.007590277812786788
-0.0030431562760561536
-0.005464316399206866
0.009427590925185268
0.018736694689775
-0.020415709739526396
0.015646705389960984
0.008506067294399268
-0.0114191007221028
0.008483759790232658
0.0008228924366715888
0.005623278815931678
-0.009346659987206681
-0.009822243472725785
-0.01188872266911056
-0.0019958736301193603
0.0015358088599032608
-0.006930620879741134
-0.000972211822454145
-0.015428970629554119
-0.0036044415764633483
-0.00917838585141193
-0.002593478344968052
0.0016964147889502578
0.004209480358841092
-0.003793646138780953
-0.012396331509169252
-0.0061140653743105376
-0.015816955611509684
0.017386584380175922
0.0026203230950257663
0.00504086472520067
-0.007533424619448892
-0.011396926432705482
0.0016744942570401824
-0.005585579034219996
-0.0011267310536510684
-0.018254123544436427
0.0025053584704964895
-0.011455380071116253
-0.007845200915581534
-0.011032859781485809
-0.008714034663150926
0.0034940102182979085
-0.004355703446703429
-0.014866716536224374
-0.0022762215608518326
0.014314745549568577
0.009695690779859075
-0.011983733322138848
-0.02939076042075157
-0.00795674835113919
-0.015278622674312356
0.0031151294198799497
0.0021812348697664327
0.003404519202425449
-0.017351851949271854
0.009320903013382585
0.00854455540971503
0.0009984911080894421
0.01273453667870537
0.00409309330201174
0.008562389187854368
-0.021305016178406383
-0.004479761310965861
0.005738507362603487
-0.01964806564973768
-0.007289806086910351
-0.007577253148140156
-0.003879967119882772
-0.0013375314476494512
0.015398015954673357
-0.0006885320658291201
-0.011884267503951202
0.015399378145676733
0.008240312406030353
0.0007878667424393983
0.014691790634384581
0.012055758434915171
0.0036267545968755254
0.005947991542613078
0.007945539038538608
0.001534851790109951
0.0059043629452452916
-0.005011653078885048
-0.014506286212381607
0.013295652187710756
-0.0025940342749954256
0.007101644888961867
0.0007964844842226965
-0.016108224706594797
-0.015441512612644013
-0.01664841141677566
0.0004875419607555698
0.007432700015987634
-0.0022068137582051
0.0009718727467144275
-0.010486564870550356
0.0018383542327498556
0.01939895587665061
0.004234376246450327
0.010938475545539424
-0.011032294048113803
0.002464285045114505
-0.027994820153275
-0.0017459286045758407
-0.015497945572174838
0.0036527749064450953
0.003744403491851846
0.002980633245948536
-0.004081447299181657
0.0006190212846965952
-5.315024536991403e-5
-0.017887254874362084
0.006350883041073623
0.006037420850932816
0.01100312942488132
-0.005263144031294185
0.003376673069295994
0.029560282447468205
0.005690158690739546
-0.018881303373421438
0.012828391466120003
-0.008821765230074946
-0.003268355977111309
0.005197306690605621
-0.0041513156654350855
-0.001368782113110452
-0.003274244695899907
0.004829381380378935
-0.010772174186983353
-0.003030350914343484
-0.004665634139348379
-0.0017860650835320355
-0.003285361252800826
-0.021524607771286574
0.00694604308908411
-0.007860206590977489
-0.021813631965426218
0.0042877467092989055
0.0057091750708529775
0.005787739940851502
-0.004794420751793595
-0.0036935706940738745
-0.005873300505498016
0.011086180967515609
0.0035257744273935743
-0.004633952173663972
0.016384900190456318
0.005665974521675185
-0.01002794106485149
-0.006965985261785992
0.006552798833565842
-0.015059919445887396
-0.002612617579323139
0.008987998713859975
-0.0011648394476216149
-0.004346035923547878
-0.009736828883164947
-0.0026829994083241997
-0.012819780852364702
0.012761808103809539
0.017519575722466176
-0.013438817397257932
-0.009718494389314792
0.0008305432733002193
-0.022182853035659127
-0.0017813969772944105
-0.011681644622926226
-0.010194608156623639
0.014527538278107242
0.012329514293851264
-0.006196223004507856
-0.0021078485911801732
0.016114983634480728
-0.002316726232251421
-0.0003173195789798453
-0.006892443685627881
0.0055558127135508515
0.003592675642390476
0.0001681093047505673
0.009848891767655906
-0.008971962805844532
0.0011589305273772585
0.006786371142615658
0.008179738555071474
-0.012914489029355311
-0.0029897143003232937
0.011423453378917153
0.01750505839775141
0.006233853099051519
0.003671124321097242
-0.007241543016953713
-0.0007380733146639603
0.007310883237534396
0.008009492748828907
0.0037974240437157105
-0.003467219372512798
-0.006103552175211522
0.008353079431848131
0.00534527723742046
0.017786312264532513
0.009750247836671135
0.015855861119079266
-0.002069165088014377
0.0031278618325690237
0.016156124316987455
0.004159123968506643
0.012686250650755142
0.010563922440449958
-0.0032421025055808282
0.0023772548438952858
-0.004269750560870126
-0.0058872262510345835
0.0008610684094769205
-0.010043748988218078
0.003035192936616784
-0.014903910255840258
-0.004592914131933296
0.006207971749753594
6.208057461612625e-5
0.019936488106871694
-0.0008828983472801694
-0.0014400357225252093
-0.0043581628334623595
0.005282556709763082
-0.002026612419518679
0.0062743699621693105
-0.007697051725227708
-0.0016505614722174436
-0.009052947112335886
-0.006732830881844863
0.0008503113398429248
-0.0017276379758583503
-0.0011449600845435395
0.017889252816744815
0.005641033461877672
-0.004495450860478332
-0.009368360148031494
-0.0026928975381729954
0.02027490164920336
-0.01269417593302175
-0.00825536925913123
-0.006113310766949434
-0.007472092913601669
0.005315571924996118
-0.011846596126827362
0.0016642883633657699
0.005308238464290464
-0.017228929702919237
0.014905027873473782
-0.0024824872564045957
0.0023376821955347093
-0.00580497847940442
-0.0024142781122803857
-0.0022990947423843257
-0.0029935370574950644
0.01530871524807942
0.02924397566967518
-0.012123466960056523
-0.006655190931357283
0.019984150299464522
0.0018008199030342305
0.010658404563768781
0.004812530788784942
0.013155132857618653
-0.0065987757811311
0.012388924389868158
0.004110549866250859
0.0005106424582777369
-0.002761526168928863
0.00622504399836728
0.0013972599681871028
-0.007465652412967887
-0.005578989342517704
0.021197841355928112
-0.006741497521616655
-0.008795225135069527
-0.004329052172067724
-0.02240609234079035
-0.0033106171063393896
-0.009574910667776491
-0.0041966504273220654
0.0030794065244976894
-0.006169993517180684
-0.01039377625642169
-0.01007946621592246
0.008099159290522082
0.01346998636894729
0.020745021263316597
-0.003931127542141155
0.0037629606231407526
0.006225004962751141
-0.0017554879581470778
0.011378517811968341
0.028220226083844526
-0.004943958118902371
-0.0011510093824839245
0.016283438993733856
0.0005019059819572297
0.007492265029144827
0.012760510622090788
0.0010253877721184104
-0.015112662594817743
0.002597219344238754
-0.007920631168982853
0.00821372942212672
0.01244638472916036
-0.012165185088125714
0.010784373853149476
0.015333616962596013
-0.0157469767275916
-0.002426778644290618
-0.002917634502771469
0.014909781584702433
0.011294840616339282
0.000916894353901622
-0.005666772862586329
-0.004593293089591757
