9956
9956
1
3
25
1
3
4
25
34
3
4
30
34
5
7
11
6
7
13
52
5
6
7
11
52
5
7
11
18
6
13
14
50
13
14
15
16
50
14
15
16
14
15
16
54
11
18
48
121
1
3
25
26
25
26
33
139
29
30
31
38
102
4
29
30
102
29
31
38
26
33
35
139
143
3
4
34
35
36
33
34
35
36
143
34
35
36
75
102
29
31
38
76
18
48
51
114
121
13
14
50
53
61
48
51
52
53
114
6
7
51
52
53
50
51
52
53
61
16
54
55
198
54
55
61
198
208
50
53
55
61
208
36
75
77
102
173
38
76
77
164
75
76
77
164
173
79
80
114
202
261
79
80
116
251
261
81
82
199
201
224
81
82
202
208
224
83
84
140
197
267
83
84
143
161
267
29
30
36
75
102
48
51
79
114
202
80
116
121
251
18
48
116
121
26
33
139
140
83
139
140
197
33
35
84
143
161
84
143
161
173
245
76
77
164
250
75
77
161
173
245
83
140
197
199
54
55
198
201
81
197
199
201
81
198
199
201
79
82
114
202
208
55
61
82
202
208
81
82
224
246
267
161
173
245
252
272
224
246
261
267
272
164
250
252
479
80
116
251
479
245
250
252
272
479
79
80
246
261
272
83
84
224
246
267
245
246
252
261
272
250
251
252
479
1
1
1
3
3
3
3
3
4
4
4
4
5
5
5
6
6
6
6
7
7
7
7
7
11
11
11
11
13
13
13
13
14
14
14
14
14
15
15
15
16
16
16
16
18
18
18
18
25
25
25
25
26
26
26
26
29
29
29
29
29
30
30
30
30
31
31
31
33
33
33
33
33
34
34
34
34
34
35
35
35
35
35
36
36
36
36
36
38
38
38
38
48
48
48
48
48
50
50
50
50
50
51
51
51
51
51
52
52
52
52
52
53
53
53
53
53
54
54
54
54
55
55
55
55
55
61
61
61
61
61
75
75
75
75
75
76
76
76
76
77
77
77
77
77
79
79
79
79
79
80
80
80
80
80
81
81
81
81
81
82
82
82
82
82
83
83
83
83
83
84
84
84
84
84
102
102
102
102
102
114
114
114
114
114
116
116
116
116
121
121
121
121
139
139
139
139
140
140
140
140
143
143
143
143
143
161
161
161
161
161
164
164
164
164
173
173
173
173
173
197
197
197
197
198
198
198
198
199
199
199
199
201
201
201
201
202
202
202
202
202
208
208
208
208
208
224
224
224
224
224
245
245
245
245
245
246
246
246
246
246
250
250
250
250
251
251
251
251
252
252
252
252
252
261
261
261
261
261
267
267
267
267
267
272
272
272
272
272
479
479
479
479
1.5232720594930564
0.19835147332446315
0.3944891480275236
0.19835147332446315
1.6055728442020245
-0.14336349705044743
0.4612929468887104
-0.14876245201215052
-0.14336349705044743
2.1610427198770044
-0.16736579929430287
0.6744028391226004
1.529680574868136
0.19765277634032344
0.4007492737695836
2.1735990582887714
0.14131440595860523
0.16855343878961995
0.6824820374990296
0.19765277634032344
0.14131440595860523
1.594057981604904
0.4537838168113912
0.14059670065568275
0.4007492737695836
0.4537838168113912
2.5359588102203663
0.2013596708060162
0.16855343878961995
2.1722291174486785
0.14211837541738967
0.6818618232735536
0.14211837541738967
1.5957801987111115
0.19722522471706863
0.4547025905007524
0.1419641869172738
0.19722522471706863
1.5284999460056847
0.39927202087042224
0.4547025905007524
0.39927202087042224
2.5361486751378504
0.20061967813306525
0.2013596708060162
1.8575906879283444
0.11230280380648328
-0.24975371620042428
0.3944891480275236
0.4612929468887104
2.5451690662422983
0.20033137616891775
0.20033137616891775
1.8510855946338964
-0.1057970736690762
0.2559951104995939
1.5948873924192444
-0.14287018531554596
-0.19725839055565797
-0.453753298616594
0.14263808757995375
-0.16736579929430287
-0.14287018531554596
2.171294843167078
-0.6821276137236196
-0.19725839055565797
1.5294085967933773
0.4002341580449372
-0.1057970736690762
1.781213645446439
0.16020520901402516
0.2195307811949943
0.1324826482637404
-0.14876245201215052
0.6744028391226004
2.5261073591445617
0.2305108312514099
-0.21359201666397223
0.16020520901402516
0.2305108312514099
1.9757501229744148
0.13493457809474305
-0.28918711066317304
-0.21359201666397223
0.13493457809474305
1.8542789426187591
0.14213856404612188
-0.20587234921131187
-0.453753298616594
0.4002341580449372
2.535210403295042
0.20089424624301108
0.11230280380648328
1.7921485861825008
0.1698445245579303
0.12920256041648623
0.21865832396461965
0.6818618232735536
0.1419641869172738
2.5195833743638505
-0.20592887852778205
0.22948108481882673
0.1698445245579303
1.9868174954910904
0.22921361506497037
0.1454060465210136
-0.2823784444910379
0.6824820374990296
0.14059670065568275
0.22921361506497037
2.5165356946111723
-0.203929673804699
-0.20592887852778205
0.1454060465210136
-0.203929673804699
1.8556835030035217
0.1432298027063675
0.20061967813306525
1.855073569804766
-0.11157892114794948
0.2493105743895611
-0.11157892114794948
1.792570717065158
-0.16867461545132076
0.21986755287522647
0.13029006680693872
0.22948108481882673
0.1432298027063675
-0.16867461545132076
1.9838656115132025
0.28243783011272583
0.14213856404612188
1.9826136613182284
-0.16706876109596605
0.2306930953350514
0.28262577857698334
0.20089424624301108
1.8571152574754275
0.11234275451452908
0.2496324299361566
-0.16706876109596605
0.11234275451452908
1.7919278721829313
-0.21873440222572896
0.13168891399867147
2.0217889775595497
0.17824521972499235
0.25299256986313423
0.17729003361296047
-0.25467751824298956
0.17824521972499235
1.8143321196425175
-0.15600262167555923
0.1754382777723482
0.14643434945521824
1.8234737414548297
-0.17865005968379197
-0.1809575957056161
0.15454106368365017
0.1516540189841439
-0.17865005968379197
2.0131989674350637
0.17575310631086133
-0.2520090716080572
0.24867251696820844
1.8137590064246676
0.17687918936776476
-0.15571458815180936
0.1750557160827602
-0.14789639314597913
0.17687918936776476
2.0167604050081294
-0.25201999786199997
0.17486733987361025
0.2545465587911604
0.14263808757995375
-0.6821276137236196
-0.20587234921131187
0.2306930953350514
2.521930670430449
0.12920256041648623
-0.2823784444910379
0.25299256986313423
1.9741695981445644
-0.14894394521617832
-0.15600262167555923
1.9431704161020669
-0.22590448965679735
0.24741366414329213
-0.24975371620042428
0.21865832396461965
-0.22590448965679735
2.048512998187341
0.2559951104995939
0.2195307811949943
2.056178832146514
0.22559499437284483
-0.15571458815180936
0.22559499437284483
1.9433510406957055
0.24812067413688085
0.1324826482637404
-0.28918711066317304
-0.25201999786199997
1.9869277426116223
0.15223784007307992
0.17486733987361025
0.15223784007307992
1.812545986334971
-0.15216437242545663
0.175029555290751
0.2496324299361566
-0.21873440222572896
2.0480556562282253
0.2254647166922538
0.28262577857698334
0.13168891399867147
-0.15216437242545663
1.9789119926832917
0.251927773147176
0.1750557160827602
0.24812067413688085
1.9800866996273812
0.22785758425102975
0.2493105743895611
0.21986755287522647
2.049814050149217
0.22514584891469777
-0.1809575957056161
0.22785758425102975
1.9865628821403756
0.24319574837221736
0.15454106368365017
0.22514584891469777
0.24319574837221736
1.936073787413649
0.17729003361296047
0.17575310631086133
-0.14894394521617832
1.811726690369356
0.1513754393090821
0.13029006680693872
0.28243783011272583
-0.2520090716080572
0.1513754393090821
1.97665253743579
0.1516540189841439
0.24867251696820844
1.987895006582342
0.15424787442946447
0.27385589187958714
0.175029555290751
0.251927773147176
2.0114330065742525
0.176984802044571
-0.24937652082826453
0.15424787442946447
1.7732457786053957
-0.15060969377376776
-0.1523843423757424
0.15493507203950105
0.2254647166922538
1.9382688021352152
-0.1557647694152572
0.2430234747516984
0.1754382777723482
0.24741366414329213
1.980422105814916
0.22777913134567077
0.176984802044571
-0.1557647694152572
1.8229204941638544
0.15263133152727068
0.17987934630484717
-0.25467751824298956
0.14643434945521824
-0.15060969377376776
1.9866952576861587
0.27503592148885714
-0.14789639314597913
0.2545465587911604
0.27385589187958714
-0.1523843423757424
1.9884934361821671
-0.24937652082826453
0.15493507203950105
0.15263133152727068
0.27503592148885714
1.9915521875861253
0.2430234747516984
0.22777913134567077
0.17987934630484717
1.9844957727976644
