60
60
1
60
2
59
3
58
4
57
5
56
6
55
7
54
8
53
9
52
10
51
11
50
12
49
13
48
14
47
15
46
16
45
17
44
18
43
19
42
20
41
21
40
22
39
23
38
24
37
25
36
26
35
27
34
28
33
29
32
30
31
30
31
29
32
28
33
27
34
26
35
25
36
24
37
23
38
22
39
21
40
20
41
19
42
18
43
17
44
16
45
15
46
14
47
13
48
12
49
11
50
10
51
9
52
8
53
7
54
6
55
5
56
4
57
3
58
2
59
1
60
1
1
2
2
3
3
4
4
5
5
6
6
7
7
8
8
9
9
10
10
11
11
12
12
13
13
14
14
15
15
16
16
17
17
18
18
19
19
20
20
21
21
22
22
23
23
24
24
25
25
26
26
27
27
28
28
29
29
30
30
31
31
32
32
33
33
34
34
35
35
36
36
37
37
38
38
39
39
40
40
41
41
42
42
43
43
44
44
45
45
46
46
47
47
48
48
49
49
50
50
51
51
52
52
53
53
54
54
55
55
56
56
57
57
58
58
59
59
60
60
-10.544701945968587
-43312.928381545
-95.2079055243465
-42180.40191372289
-1886.9066388610504
-40053.95877347098
-3820.890630681411
-40036.98383931479
-3809.4430453828613
-39302.315282189214
-4994.240621941202
-38673.77513029472
-5433.075746393974
-36604.743346138726
-5596.50137749538
-35802.362566721335
-13944.165577320218
-35280.76497031852
-8612.508752980797
-35086.0183910214
-197745.65938874916
-33791.92220103707
-205583.90754001043
-32267.839380794107
-214965.58151367848
-31478.705335383147
-6706.098325473378
-28822.200665352168
-7279.611119341446
-28605.737067976817
-7530.071215127855
-28489.95938502105
-12003.622565787195
-27303.507627307834
-11506.228815538732
-26096.46446628014
-20721.065478692653
-25512.68751579067
-19393.965235699416
-23840.59584521653
-27525.25339334346
-22850.822730649368
-13435.64428105231
-21942.09004238222
-23678.294870746424
-20621.74117634291
-22766.385371231718
-19699.524218943927
-29331.366228079165
-17732.47400312955
-32769.363165037365
-17644.957393868346
-14647.874452685643
-15773.515772525674
-25267.88677275959
-12118.394811134129
-7290.447977250415
-11170.270263132827
-25470.406646238887
-10847.0813052051
-10434.060430494883
-25470.406646238887
-6525.854307031488
-7290.447977250415
-5208.263882302931
-25267.88677275959
-4642.058697982818
-14647.874452685643
-4640.905874520031
-32769.363165037365
-4133.643957159652
-29331.366228079165
-3851.162176124586
-22766.385371231718
-3826.2854628414248
-23678.294870746424
-3060.839572543322
-13435.64428105231
-3010.20097171398
-27525.25339334346
-2032.847242576395
-19393.965235699416
-2029.630054595862
-20721.065478692653
-1101.9123579498264
-11506.228815538732
-1098.6870633819874
-12003.622565787195
-660.494146108282
-7530.071215127855
-635.9436029754623
-7279.611119341446
-581.4303657983529
-6706.098325473378
-518.3591143934233
-214965.58151367848
-483.6208588166774
-205583.90754001043
-444.2057474992763
-197745.65938874916
-306.5398371469995
-8612.508752980797
-196.58359237640627
-13944.165577320218
-77.75147995034443
-5596.50137749538
-73.82472145481064
-5433.075746393974
-64.2336216990529
-4994.240621941202
-48.2089157711379
-3809.4430453828613
-47.46805444741078
-3820.890630681411
-46.86995184170065
-1886.9066388610504
-22.56933746702714
-95.2079055243465
-2.4342669000577173
-10.544701945968587
