60
60
60
59
58
57
56
55
54
53
52
51
50
49
48
47
46
45
44
43
42
41
40
39
38
37
36
35
34
33
32
31
30
29
28
27
26
25
24
23
22
21
20
19
18
17
16
15
14
13
12
11
10
9
8
7
6
5
4
3
2
1
1
2
3
4
5
6
7
8
9
10
11
12
13
14
15
16
17
18
19
20
21
22
23
24
25
26
27
28
29
30
31
32
33
34
35
36
37
38
39
40
41
42
43
44
45
46
47
48
49
50
51
52
53
54
55
56
57
58
59
60
-1054.4052682159495
-9520.258162981832
-18774.305251443875
-38016.946143351735
-37902.364046350136
-49691.620976079445
-54058.61739749166
-55684.606100874415
-138741.77528230622
-215149.7851452518
-300271.7252487982
-312170.5179442884
-326423.85007322737
-335230.0106992798
-363907.6450694701
-376417.867968188
-600069.2365362159
-575222.5171880225
-1.0358420445053627e6
-969504.6150038705
-1.3759878500895645e6
-671653.2787757806
-1.5783871782893713e6
-1.517593489810202e6
-1.4662862708787383e6
-1.638117106589945e6
-732242.4430195548
-631192.3784997233
-728996.9867833251
-1.6978567480780282e6
-1.697856872086445e6
-729003.371298672
-2.526650973490305e6
-1.464734270038282e6
-1.6381227061439157e6
-1.4662766646082173e6
-1.1381150673273588e6
-1.183694363894141e6
-1.3434822048932e6
-1.3759861401239855e6
-969479.3935800963
-1.0358375325553769e6
-575209.2416762599
-600072.0837254593
-376434.7050499226
-363905.6058194944
-335236.9439090607
-1.074569843663692e7
-1.027713690463736e7
-9.885293998366842e6
-430536.2944499809
-697060.6132619354
-279770.43214611575
-271593.8984974559
-249669.37616474877
-190432.33197441252
-191007.38708441006
-188680.27105670414
-9520.369618771281
-1054.417202155686
