9956
9956
9722
9747
9755
9722
9747
9787
9722
9755
9804
9747
9787
9835
9755
9804
9847
9787
9835
9870
9804
9847
9878
9835
9870
9901
9847
9878
9908
9870
9901
9927
9878
9908
9934
9901
9927
9932
9927
9932
9947
9908
9934
9948
9932
9947
9953
9934
9948
9954
9947
9953
9956
9948
9954
9956
9953
9954
9956
9722
9722
9722
9747
9747
9747
9755
9755
9755
9787
9787
9787
9804
9804
9804
9835
9835
9835
9847
9847
9847
9870
9870
9870
9878
9878
9878
9901
9901
9901
9908
9908
9908
9927
9927
9927
9932
9932
9932
9934
9934
9934
9947
9947
9947
9948
9948
9948
9953
9953
9953
9954
9954
9954
9956
9956
9956
1.6443602221703613
0.14328434580736463
0.03680898762861681
0.14328434580736463
1.7732938434086207
0.006386522892860484
0.03680898762861681
2.1864866516740697
0.01633909680761883
0.006386522892860484
2.187705528158764
-0.00638652289285902
0.01633909680761883
1.9330049852630593
-0.13977653714758748
-0.00638652289285902
1.7732938434086207
0.14328434580736424
-0.13977653714758748
1.54431521184655
-0.073708419031603
0.14328434580736424
1.6443602221703608
-0.03680898762862055
-0.073708419031603
2.183000840125622
0.030395093082754666
-0.03680898762862055
2.186486651674073
-0.016339096807621505
0.030395093082754666
2.1273094837754614
-0.1329078570411749
-0.016339096807621505
1.9330049852630569
0.13977653714758587
0.13977653714758587
1.5443152118465504
0.07370841903160397
-0.1329078570411749
1.4731359344353927
-0.1157282284594084
0.07370841903160397
2.183000840125622
0.03039509308275487
-0.1157282284594084
2.1777311083801827
-0.03515291508088361
0.03039509308275487
2.1273094837754583
-0.1329078570411737
-0.03515291508088361
2.177731108380184
-0.11572822845940851
-0.1329078570411737
-0.11572822845940851
1.473135934435394
